[N
36
23
3 rms
12
11 TASK3PERIOD
24
16 TASK0_INITIAL_PC
1
61 /home/tvgaul/Documents/CPRE 558/cpre558/src/RMS/modelsim/work
30
14 TASK1_FINAL_PC
32
14 TASK3_FINAL_PC
18
11 mux_8t1_32b
4
1 N
6
5 mixed
25
16 TASK1_INITIAL_PC
16
8 FINAL_PC
14
12 taskstatereg
35
8 behavior
9
11 TASK0PERIOD
19
8 dataflow
13
11 TASK4PERIOD
2
12 ripple_adder
28
16 TASK4_INITIAL_PC
8
11 taskcontrol
10
11 TASK1PERIOD
29
14 TASK0_FINAL_PC
31
14 TASK2_FINAL_PC
33
14 TASK4_FINAL_PC
34
6 tb_rms
26
16 TASK2_INITIAL_PC
15
10 INITIAL_PC
3
10 structural
7
3 LCM
11
11 TASK2PERIOD
5
12 timercounter
27
16 TASK3_INITIAL_PC
36
9 gCLK_HPER
21
4 i_D5
20
4 i_D6
22
4 i_D7
17
4 dffn
]
[G
1
23
6
1
26
0
0
0
0
32 1
2
0
0
]
[G
1
23
6
1
27
0
0
0
0
32 1
2
0
0
]
[G
1
23
6
1
10
0
0
0
0
32 0
2
2
2
2
2
2
2
2
2
2
2
2
2
2
2
2
2
2
2
2
2
2
2
2
2
2
2
2
2
2
3
3
0
0
]
[G
1
8
6
1
12
0
0
0
0
32 0
2
2
2
2
2
2
2
2
2
2
2
2
2
2
2
2
2
2
2
2
2
2
2
2
2
2
2
2
2
3
3
3
0
0
]
[G
1
5
6
1
7
0
0
0
0
32 0
2
2
2
2
2
2
2
2
2
2
2
2
2
2
2
2
2
2
2
2
2
2
2
2
2
2
2
2
2
3
3
2
0
0
]
[G
1
34
35
1
36
0
0
0
0
8 8
-128
-106
-104
0
0
0
0
0
0
0
]
[G
1
23
6
1
28
0
0
0
0
32 1
2
0
0
]
[G
1
5
6
1
4
1
0
32
0
0 0
0
0
]
[G
1
23
6
1
7
0
0
0
0
32 0
2
2
2
2
2
2
2
2
2
2
2
2
2
2
2
2
2
2
2
2
2
2
2
2
2
2
2
2
2
3
3
2
0
0
]
[G
1
23
6
1
30
0
0
0
0
32 0
2
2
2
2
2
2
2
2
2
2
2
2
2
2
2
2
2
2
2
2
2
2
2
2
2
2
2
2
2
3
2
2
0
0
]
[G
1
8
6
1
9
0
0
0
0
32 0
2
2
2
2
2
2
2
2
2
2
2
2
2
2
2
2
2
2
2
2
2
2
2
2
2
2
2
2
2
2
3
3
0
0
]
[G
1
23
6
1
32
0
0
0
0
32 0
2
2
2
2
2
2
2
2
2
2
2
2
2
2
2
2
2
2
2
2
2
2
2
2
2
2
2
2
2
3
2
2
0
0
]
[G
1
23
6
1
11
0
0
0
0
32 0
2
2
2
2
2
2
2
2
2
2
2
2
2
2
2
2
2
2
2
2
2
2
2
2
2
2
2
2
2
3
3
3
0
0
]
[G
1
8
6
1
13
0
0
0
0
32 0
2
2
2
2
2
2
2
2
2
2
2
2
2
2
2
2
2
2
2
2
2
2
2
2
2
2
2
2
2
3
3
3
0
0
]
[G
1
14
6
1
15
0
0
0
0
32 1
2
0
0
]
[G
1
14
6
2
15
0
0
0
0
32 1
2
0
0
]
[G
1
17
6
1
4
1
0
32
0
0 0
0
0
]
[G
1
2
3
1
4
1
0
32
0
0 0
0
0
]
[G
1
8
6
1
10
0
0
0
0
32 0
2
2
2
2
2
2
2
2
2
2
2
2
2
2
2
2
2
2
2
2
2
2
2
2
2
2
2
2
2
2
3
3
0
0
]
[G
1
23
6
1
12
0
0
0
0
32 0
2
2
2
2
2
2
2
2
2
2
2
2
2
2
2
2
2
2
2
2
2
2
2
2
2
2
2
2
2
3
3
3
0
0
]
[G
1
23
6
1
24
0
0
0
0
32 1
2
0
0
]
[G
1
23
6
1
9
0
0
0
0
32 0
2
2
2
2
2
2
2
2
2
2
2
2
2
2
2
2
2
2
2
2
2
2
2
2
2
2
2
2
2
2
3
3
0
0
]
[G
1
23
6
1
29
0
0
0
0
32 0
2
2
2
2
2
2
2
2
2
2
2
2
2
2
2
2
2
2
2
2
2
2
2
2
2
2
2
2
2
3
2
2
0
0
]
[G
1
23
6
1
31
0
0
0
0
32 0
2
2
2
2
2
2
2
2
2
2
2
2
2
2
2
2
2
2
2
2
2
2
2
2
2
2
2
2
2
3
2
2
0
0
]
[G
1
8
6
1
11
0
0
0
0
32 0
2
2
2
2
2
2
2
2
2
2
2
2
2
2
2
2
2
2
2
2
2
2
2
2
2
2
2
2
2
3
3
3
0
0
]
[G
1
23
6
1
33
0
0
0
0
32 0
2
2
2
2
2
2
2
2
2
2
2
2
2
2
2
2
2
2
2
2
2
2
2
2
2
2
2
2
3
2
2
2
0
0
]
[G
1
23
6
1
13
0
0
0
0
32 0
2
2
2
2
2
2
2
2
2
2
2
2
2
2
2
2
2
2
2
2
2
2
2
2
2
2
2
2
2
3
3
3
0
0
]
[G
1
14
6
1
16
0
0
0
0
32 0
2
2
2
2
2
2
2
2
2
2
2
2
2
2
2
2
2
2
2
2
2
2
2
2
2
2
2
2
2
3
2
2
0
0
]
[G
1
14
6
2
16
0
0
0
0
32 0
2
2
2
2
2
2
2
2
2
2
2
2
2
2
2
2
2
2
2
2
2
2
2
2
2
2
2
2
3
2
2
2
0
0
]
[G
1
23
6
1
25
0
0
0
0
32 1
2
0
0
]
[P
1
18
19
20
21
1
0
0
]
[P
1
18
19
22
21
1
0
0
]
